-0.006997287,0.4117727,-0.2138943,-0.2895118,0.5036176
-0.3091681,0.4514973,0.2661285,-0.04972059,0.3503689
0.163218,0.413995,0.3037295,0.4925588,0.3598592
0.1461654,-0.03568012,0.154181,0.2057272,0.4910678
-0.1501935,-0.1145744,-0.05661958,-0.2580554,-0.4009197
0.2141621,-0.312385,0.2532555,0.08915943,0.4589908
-0.01247936,0.3382022,-0.4476684,-0.01848513,-0.2787939
0.06321818,-0.09474355,0.3746717,-0.1566424,0.06526107
-0.231531,0.1604656,-0.1415414,0.4373572,-0.2994207
-0.0005967021,-0.1805406,-0.4087657,-0.4118221,-0.08268517
;
0.1470209,0.08752793,-0.382843,0.4523524,0.2756753,-0.4812611,0.1676695,-0.3270907,-0.2395797,-0.3884708
0.3618239,0.3028605,0.1918131,-0.09907705,-0.4249079,0.4179987,-0.04614037,0.09307033,0.3472108,-0.1761152
-0.401109,-0.3502777,0.1570521,-0.1636888,-0.2758023,-0.08198649,0.1665587,0.495784,-0.4785032,0.3309958
0.4074314,-0.2277574,-0.02454334,-0.1633906,-0.2829117,-0.009894192,0.394912,0.4116863,0.07289976,-0.1730209
0.4336811,0.3891971,0.4402647,0.2531279,0.2381987,-0.1797033,-0.248423,0.4135866,0.3195726,-0.1791889
0.2885489,0.02243227,-0.3951541,-0.2307463,-0.212573,0.2915845,-0.1578678,0.2307329,0.3076432,-0.1458097
0.4783916,-0.3075277,0.2771848,-0.3795371,-0.2785285,-0.2809449,0.2695956,0.3521099,-0.07874268,0.2992666
-0.160596,0.1326413,0.3200998,-0.106847,-0.393176,0.1508216,-0.02174121,0.09668559,-0.3720243,-0.1571856
-0.3793565,-0.06011385,-0.4011742,-0.01412338,-0.169542,0.1038569,0.146919,0.02679986,-0.266171,-0.4353508
0.4322568,-0.1016595,0.09026927,0.06665188,-0.4795735,-0.3700601,-0.1475584,-0.2781992,-0.4902831,0.4382926
;
-0.2477393,0.0620895,0.118627,-0.0813325,0.007823288,0.1234602,0.4498088,0.4196118,-0.3106283,0.2636495
-0.4427623,0.3249652,0.3475399,-0.01860911,0.4168527,0.1195776,-0.419126,0.01722568,0.2033917,-0.3608211
;
-0.03022045,0.4134607,0.1494619,0.006159127,0.3528081
-0.234597,0.4931407,-0.02535337,-0.1737537,0.1216158
-0.01686746,-0.1295699,-0.2177829,0.2698386,-0.4836087
-0.1716002,0.1001793,0.4099371,0.1855504,0.07583624
0.2951509,0.3560346,-0.4100883,0.1611569,0.20505
-0.4018813,-0.05503665,-0.468771,0.3397374,0.1108772
0.2122785,0.1148495,-0.2237632,0.4724743,-0.3415153
0.3571196,-0.1067089,0.2410039,0.3600399,-0.02138776
0.2966597,-0.4484705,0.1998814,0.4229074,0.08549446
0.0950976,-0.2823206,-0.4760584,0.2068425,0.03141767
;
0.1123446,-0.298447,-0.389349,0.2747705,-0.4968766,-0.1238928,-0.4504319,0.2168571,-0.06461686,0.09889323
-0.1929215,0.1255058,-0.1496516,-0.4127458,-0.4766088,-0.3459634,0.02879471,-0.02402848,0.3946668,-0.1693364
0.1915591,-0.2834584,-0.2776352,0.1206059,-0.4677752,0.1431233,0.2949338,-0.4770809,-0.1167485,-0.09091634
0.4757806,-0.05095524,-0.3466778,-0.4695622,0.2958854,-0.09251028,-0.2257482,0.1200756,-0.4213428,-0.3460797
-0.1122789,-0.4480301,0.4746864,0.1419735,-0.4852169,0.261695,0.3780533,0.3556231,-0.2890499,-0.2485144
-0.2308418,0.174446,-0.2535027,0.4259189,-0.2386553,0.4790995,-0.007441342,0.2215614,-0.4574206,0.4951463
-0.1838009,-0.07070547,-0.1399379,0.4608607,-0.4041028,0.3652202,0.1205564,0.181893,0.01818699,-0.20582
-0.1147049,0.0326429,0.4586873,0.3212636,0.1734141,0.3795961,-0.2431089,-0.4926308,-0.07087106,-0.03140455
0.06082159,0.1595993,0.1591375,0.02143639,-0.4611365,0.3856725,0.06136757,-0.1470069,0.02174288,-0.2566552
0.3499459,0.2009071,0.3177279,0.04924172,-0.374426,0.1707249,0.4466524,-0.2128993,-0.454893,-0.1449552
;
0.2325437,0.3248476,-0.270031,-0.1571248,-0.1171663,0.1860231,0.05343729,-0.05357438,0.0940209,-0.2210413
0.2562704,0.4237149,-0.3034182,0.002295911,-0.1234085,0.283523,0.3589002,-0.008083045,-0.2698154,0.4636732
;
