0.1855145,-0.7941494,0.1162874,-0.3272312,0.001685172
0.1087696,-0.03266889,-0.1839458,-0.729525,0.313728
0.09609157,-0.3319857,0.09475107,0.07842606,-0.3388414
0.3309945,-0.1083531,0.1477328,-0.2586603,-0.08472937
0.3773316,0.262392,0.004360648,0.203954,-0.2357599
0.2071833,0.4295552,-0.2124545,-0.04479248,-0.4507514
0.01254728,0.00970453,-0.001242167,-0.1902291,-0.04081725
0.1387762,0.1557845,0.59584,-0.4474682,0.2023725
0.3702021,0.3139532,0.2633183,0.09158453,0.3196865
0.2406747,-0.1302817,0.1499097,0.4638939,-0.02298251
;
0.04072205,-0.1555528,-0.02165043,-0.420046,-0.07921463,0.1817239,-0.2690604,-0.2212128,-0.4895324,-0.1809822
0.008326657,0.3914024,0.1738152,0.06821177,0.02099526,-0.02349374,0.1464352,0.2831722,0.01907676,0.07185262
-0.002330509,-0.2058259,-0.1181044,0.2086825,-0.2805898,-0.09339957,0.1052663,-0.3010913,0.305714,-0.02006978
-0.1752118,0.3568428,0.1350186,-0.01530284,0.1464263,-0.1193959,0.1163122,-0.002024353,-0.2506584,0.1489372
0.2994362,0.483842,0.2164987,0.08955795,0.3612218,-0.1327878,0.3736703,-0.2944044,0.02448725,-0.6058062
0.02773362,-0.1617253,-0.239522,-0.07209748,0.06460062,-0.04524425,0.4910216,0.2279696,-0.07910863,0.2275113
0.281513,-0.2615994,-0.1137499,-2.18046,0.3754388,-0.5705909,0.3459883,-0.0216352,0.4241829,0.8190904
0.1421921,-0.2376149,-0.5509495,0.2708905,-0.01886984,-0.1772942,0.1149485,-0.4159534,-0.05154736,-0.0996775
-0.1506466,-0.4885095,-0.4552144,0.5045949,-0.3032849,-0.07354337,0.4993381,0.02372748,-0.000900805,0.1856892
0.4229265,0.6103364,-0.4024827,0.7564951,0.376143,-0.1764038,-0.3528612,0.7264845,-0.4015702,0.1193179
;
-0.157967,-0.3780488,0.216044,0.3512437,0.07331234,-0.2890696,-0.4603885,0.005062785,0.4765294,-0.01461035
-0.02701461,-0.08534509,-0.1039321,-0.3527931,-0.1525563,0.3250587,0.03794187,0.3967298,0.3698493,0.0137201
;
